4294967279,100
4294967279,99
4294967279,98
4294967279,97
4294967279,96
4294967279,95
4294967278,301
4294967278,349
4294967278,58
4294967278,344
4294967278,56
4294967278,55
4294967278,54
4294967278,53
4294967278,51
4294967278,50
4294967278,49
4294967278,48
4294967278,44
4294967278,42
4294967278,40
4294967278,39
4294967278,38
4294967278,37
4294967278,294
4294967278,34
4294967278,362
4294967278,32
4294967278,31
4294967278,30
4294967278,29
4294967278,28
4294967278,27
4294967278,26
4294967278,25
4294967278,23
4294967278,22
4294967278,21
4294967278,20
4294967278,19
4294967278,18
4294967278,16
4294967278,271
4294967278,12
4294967278,11
4294967278,10
4294967278,9
4294967278,332
4294967278,8
4294967278,7
4294967278,6
4294967278,5
4294967278,4
4294967279,132
4294967279,131
4294967279,130
4294967279,129
4294967279,128
4294967279,127
4294967279,126
4294967279,125
4294967279,124
4294967279,123
4294967279,122
4294967279,121
4294967279,120
4294967279,119
4294967279,118
4294967279,117
4294967279,116
4294967279,115
4294967279,114
4294967279,113
4294967279,112
4294967279,111
4294967279,110
4294967279,109
4294967279,108
4294967279,107
4294967279,106
4294967279,105
4294967279,104
4294967279,103
4294967279,102
4294967279,101
4294967279,85
4294967279,75
4294967279,74
4294967279,66
4294967279,65
4294967279,62
4294967279,59
4294967279,57
4294967279,54
4294967279,45
4294967279,43
4294967279,39
4294967279,34
4294967279,31
4294967279,30
4294967279,20
4294967279,11
4294967279,10
4294967279,558
4294967279,557
4294967278,374
4294967294,30
4294967294,1166
4294967294,1164
4294967294,1163
4294967294,1158
4294967294,990
4294967294,989
4294967294,987
4294967294,60
4294967278,206
4294967278,205
4294967278,204
4294967278,203
4294967278,202
4294967278,200
4294967278,199
4294967278,198
4294967279,198
4294967278,197
4294967279,197
4294967279,194
4294967278,192
4294967279,192
4294967279,191
4294967279,77
4294967278,189
4294967279,188
4294967278,187
4294967279,187
4294967279,303
4294967279,302
133,6
133,5
133,4
4294967278,176
133,3
133,2
133,1
4294967278,61
4294967278,52
4294967278,60
4294967279,60
4294967279,170
4294967278,57
4294967278,168
4294967279,167
4294967278,165
4294967294,1419
4294967278,341
4294967279,165
4294967279,49
4294967279,163
4294967279,162
4294967278,161
4294967279,161
4294967278,47
4294967279,38
4294967279,291
4294967278,46
4294967278,45
4294967279,44
4294967279,155
4294967278,43
4294967278,338
4294967278,41
4294967278,336
4294967279,524
4294967279,149
130,6
130,5
130,4
4294967279,150
130,3
130,2
130,1
4294967278,36
4294967279,36
4294967278,35
4294967278,365
4294967278,33
4294967279,548
4294967279,542
4294967278,24
4294967278,277
4294967279,135
127,4
127,3
127,2
127,1
4294967278,17
126,4
126,3
126,2
126,1
4294967278,286
4294967278,14
4294967279,325
4294967278,405
4294967278,15
4294967279,265
125,6
4294967278,13
4294967279,543
125,5
125,4
125,3
125,2
125,1
4294967279,274
4294967278,279
4294967278,404
124,5
4294967279,253
4294967278,258
124,4
124,3
124,2
124,1
4294967278,257
4294967278,330
4294967278,256
4294967279,513
4294967278,403
4294967279,512
123,5
123,4
123,3
123,2
123,1
4294967278,253
4294967278,250
4294967278,249
4294967279,246
4294967278,246
122,5
4294967278,242
122,4
122,3
122,2
122,1
4294967278,239
4294967294,1414
4294967294,173
4294967294,421
4294967294,1013
4294967294,190
4294967294,163
4294967294,1093
4294967279,236
4294967278,232
4294967279,228
4294967294,395
4294967294,396
4294967294,1416
4294967294,399
4294967294,179
4294967294,420
4294967294,178
4294967294,407
4294967294,167
4294967294,444
4294967294,415
4294967294,183
4294967294,191
4294967294,118
4294967279,226
4294967278,222
4294967278,225
4294967278,221
4294967279,220
4294967278,215
4294967279,214
4294967278,384
4294967279,335
4294967278,210
4294967279,326
4294967278,402
4294967279,204
4294967278,356
4294967278,201
4294967278,319
4294967279,310
4294967278,355
4294967279,570
4294967279,199
4294967279,334
4294967278,196
4294967279,193
4294967278,401
4294967278,190
4294967279,306
4294967279,189
4294967278,223
4294967278,219
4294967278,322
4294967278,317
4294967278,315
4294967278,390
4294967278,310
4294967278,309
4294967278,307
4294967278,346
4294967278,59
4294967278,260
4294967279,84
4294967279,539
4294967279,82
4294967279,568
4294967279,79
4294967279,305
4294967279,76
4294967279,73
4294967279,71
4294967279,301
4294967279,70
4294967279,299
4294967279,68
4294967279,63
4294967279,530
4294967279,56
4294967279,51
4294967279,47
4294967279,42
4294967279,33
4294967279,260
4294967279,28
4294967279,27
4294967279,19
4294967279,12
4294967279,9
4294967279,555
4294967278,400
4294967279,536
4294967278,186
4294967279,186
4294967278,183
4294967279,183
4294967278,182
4294967279,182
4294967278,181
4294967279,181
4294967278,180
4294967279,180
4294967279,179
4294967278,178
4294967279,178
4294967278,177
4294967279,177
4294967279,176
4294967278,175
4294967279,175
4294967279,172
4294967279,171
4294967279,169
4294967279,168
4294967279,166
4294967279,164
4294967278,163
4294967279,159
4294967279,158
4294967279,527
4294967278,298
4294967279,157
4294967279,154
119,6
4294967279,153
119,5
119,4
4294967279,152
119,3
119,2
119,1
4294967279,37
4294967279,550
4294967279,287
4294967279,145
4294967279,141
4294967279,143
4294967279,142
4294967278,142
4294967279,140
4294967279,139
4294967278,360
4294967279,272
4294967279,25
4294967279,285
4294967278,290
4294967279,284
